game#date#opponent#result#bills points#opponents#record#attendance
1#sept 12#kansas city chiefs#win#14#9#1 - 0#76383
2#sept 16#minnesota vikings#win#23#22#2 - 0#77753
3#nov 21#miami dolphins#loss#7#9#2 - 1#52945
4#nov 28#baltimore colts#win#20#0#3 - 1#33985
5#dec 5#green bay packers (at milwaukee )#loss#21#33#3 - 2#46655
6#dec 12#pittsburgh steelers#win#13#0#4 - 2#58391
7#dec 19#tampa bay buccaneers#loss#23#24#4 - 3#42510
8#dec 27#miami dolphins#loss#10#27#4 - 4#73924
