game#date#team#score#high points#high rebounds#high assists#location attendance#record
75#april 1#utah#w 96 - 85 (ot)#kobe bryant (21)#pau gasol (9)#kobe bryant , steve blake (4)#energysolutions arena 19911#55 - 20
76#april 3#denver#l 90 - 95 (ot)#kobe bryant (28)#andrew bynum (16)#lamar odom (5)#staples center 18997#55 - 21
77#april 5#utah#l 85 - 86 (ot)#kobe bryant (20)#andrew bynum (23)#kobe bryant , steve blake (5)#staples center 18997#55 - 22
78#april 6#golden state#l 87 - 95 (ot)#kobe bryant (25)#andrew bynum (17)#lamar odom (5)#oracle arena 20024#55 - 23
79#april 8#portland#l 86 - 93 (ot)#kobe bryant (24)#lamar odom (14)#kobe bryant (4)#rose garden 20697#55 - 24
80#april 10#oklahoma city#l 106 - 120 (ot)#kobe bryant (31)#andrew bynum (13)#kobe bryant , derek fisher (4)#staples center 18997#55 - 25
81#april 12#san antonio#w 102 - 93 (ot)#kobe bryant (27)#pau gasol (17)#pau gasol (5)#staples center 18997#56 - 25
