driver#constructor#laps#time / retired#grid
damon hill#williams - renault#72#1:54:55.322#1
jacques villeneuve#williams - renault#72#+ 12.167#3
jean alesi#benetton - renault#72#+ 14.754#4
rubens barrichello#jordan - peugeot#72#+ 55.131#6
eddie irvine#ferrari#72#+ 1:04.991#10
jos verstappen#footwork - hart#72#+ 1:08.913#7
david coulthard#mclaren - mercedes#72#+ 1:13.400#9
olivier panis#ligier - mugen - honda#72#+ 1:14.295#12
johnny herbert#sauber - ford#71#+ 1 lap#17
andrea montermini#forti - ford#69#+ 3 laps#22
gerhard berger#benetton - renault#56#suspension#5
michael schumacher#ferrari#46#broken wing#2
pedro lamy#minardi - ford#39#transmission#19
mika salo#tyrrell - yamaha#36#throttle#16
martin brundle#jordan - peugeot#34#collision#15
tarso marques#minardi - ford#33#collision#14
heinz - harald frentzen#sauber - ford#32#spun off#11
pedro diniz#ligier - mugen - honda#29#fire#18
ukyo katayama#tyrrell - yamaha#28#transmission#13
ricardo rosset#footwork - hart#24#oil pump#20
luca badoer#forti - ford#24#collision#21
mika hã¤kkinen#mclaren - mercedes#19#throttle#8
