name#position#number#school / club team#season#acquisition via
allan salangsang#forward#24#letran#2006 - 2007#free agency
jondan salvador#forward / center#5#saint benilde#2012#trade
mark sanford#forward / center#3#washington#2004 - 2005#import
rodney santos#guard / forward#45#san sebastian#2009#free agency
jovy sese#forward#20#manuel luis quezon#2002#free agency
dale singson#guard#50#santo tomas#2005 - 2006 , 2009 - 2010#trade
omar sneed#forward#11#memphis#2012#import
ervin sotto#forward / center#13#saint francis#2007#trade
jj sullinger#forward / center#0#ohio state#2009#import
